ll1= 19 18 18 18 18 18 18 18 18 18 18 18 18 18 22 17 16 16 32 16 24 16 16 16 16 16 16 16 16 20 25 24 24 24 28 0 17 16 16 32 32 32 16 16 20 0 0 0 0 0 0 17 16 16 16 16 32 16 16 20 19 18 18 18 18 18 16 16 16 16 24 24 24 24 20 17 16 16 16 16 16 16 24 24 28 0 0 0 0 21 17 16 16 32 16 16 20 0 0 0 0 0 0 0 21 17 24 24 24 24 16 16 18 18 22 0 0 0 0 21 21 0 0 0 0 17 16 16 16 16 18 18 18 18 20 21 0 0 0 0 25 24 24 16 16 32 16 16 16 20 21 0 0 0 0 0 0 0 17 24 24 16 16 16 20 17 18 18 22 0 19 18 18 20 0 0 17 16 16 20 17 16 16 20 0 17 16 16 20 0 0 17 16 16 20 17 16 16 20 0 17 16 32 16 18 18 16 16 32 20 25 24 24 24 26 24 24 24 24 24 24 24 24 24 28
bs1 = 30
nBlocks1 = 15
maxScore1 = 208
startPacman_x1= 7
startPacman_y1= 11
startGhosts_x1= 4
startGhosts_y1= 4
ll2= 19 18 18 18 18 18 18 18 18 18 18 18 18 18 22 17 16 16 32 16 24 16 16 16 16 16 16 16 16 20 25 24 24 24 28 0 25 24 16 32 32 32 16 16 20 0 0 0 0 0 0 0 0 17 16 16 32 16 16 20 19 22 0 19 18 18 18 18 16 16 24 16 16 16 20 17 20 0 17 16 16 16 24 24 28 0 25 24 24 20 17 16 18 32 16 16 20 0 0 0 0 0 0 0 21 17 24 24 24 24 32 16 18 18 22 0 0 0 0 21 21 0 0 0 0 17 16 32 16 32 18 22 0 19 20 21 0 0 0 0 25 24 24 16 16 16 20 0 17 20 21 0 0 0 0 0 0 0 17 24 24 16 18 16 20 17 18 18 22 0 19 18 18 20 0 0 17 16 16 20 17 24 24 28 0 17 32 16 20 0 0 17 16 16 20 21 0 0 0 0 17 16 16 20 0 0 17 32 16 20 25 26 26 26 26 24 24 24 24 26 26 24 24 24 28
bs2 = 30
nBlocks2 = 15
maxScore2 = 206
startPacman_x2= 7
startPacman_y2= 11
startGhosts_x2= 5
startGhosts_y2= 5
ll3= 19 18 18 18 18 18 18 18 18 18 18 18 18 18 22 17 16 16 32 16 24 16 32 16 16 24 24 24 16 20 25 24 24 24 28 0 25 24 16 20 0 0 0 17 20 0 0 0 0 0 0 0 0 17 16 18 22 0 17 20 19 22 0 19 18 18 18 18 16 32 32 20 0 17 20 17 20 0 17 24 16 32 24 24 24 24 28 0 25 20 17 16 18 20 0 17 20 0 0 0 0 0 0 0 21 17 24 24 28 0 17 16 18 18 22 0 0 0 0 21 21 0 0 0 0 17 16 32 16 16 18 22 0 19 20 21 0 0 0 0 25 24 24 16 16 32 20 0 17 20 21 0 0 0 0 0 0 0 17 24 24 16 18 32 20 17 18 18 22 0 19 18 18 20 0 0 25 24 16 20 17 24 24 28 0 17 16 32 20 0 0 0 0 17 20 21 0 0 0 0 17 32 16 20 0 0 19 18 16 20 25 26 26 26 26 24 24 24 24 26 26 24 24 24 28
bs3 = 30
nBlocks3 = 15
maxScore3=194
startPacman_x3= 7
startPacman_y3= 11
startGhosts_x3= 5
startGhosts_y3= 5
